8
Iddqscdxr
Mowfrxsjy
Ldbefsa
Cbynecdyg
Xxpklore
Lnmpapq
Wkhopkm
Oqhnwn
0 21 33 46 34 30 13 26 
21 0 46 23 10 30 39 43 
33 46 0 37 26 21 17 25 
46 23 37 0 50 43 37 23 
34 10 26 50 0 48 36 15 
30 30 21 43 48 0 19 13 
13 39 17 37 36 19 0 47 
26 43 25 23 15 13 47 0 

