10
Iddqscdxr
Mowfrxsjy
Ldbefsa
Cbynecdyg
Xxpklore
Lnmpapq
Wkhopkm
Oqhnwn
Uewh
Qmgbbuqc
0 33 46 12 48 40 31 40 46 23 
33 0 37 33 49 19 21 34 10 26 
46 37 0 50 46 22 50 30 30 21 
12 33 50 0 43 48 29 33 13 39 
48 49 46 43 0 17 37 36 19 36 
40 19 22 48 17 0 26 43 25 23 
31 21 50 29 37 26 0 15 13 47 
40 34 30 33 36 43 15 0 13 22 
46 10 30 13 19 25 13 13 0 17 
23 26 21 39 36 23 47 22 17 0 

