6
Iddqscdxr
Mowfrxsjy
Ldbefsa
Cbynecdyg
Xxpklore
Lnmpapq
0 28 24 43 27 43 
28 0 14 42 46 36 
24 14 0 34 32 39 
43 42 34 0 34 42 
27 46 32 34 0 13 
43 36 39 42 13 0 

